0	9.0	10.0	10.0	10.0
1	8.0	8.0	8.0	8.0
2	9.0	9.0	9.0	9.0
3	10.0	10.0	10.0	10.0
4	11.0	11.0	11.0	11.0
5	12.0	13.0	12.0	12.0
6	14.0	14.0	14.0	14.0
7	16.0	16.0	16.0	16.0
8	18.0	19.0	19.0	19.0
9	22.0	21.0	22.0	22.0
10	25.0	25.0	26.0	26.0
11	29.0	29.0	31.0	31.0
12	34.0	34.0	35.0	36.0
13	39.0	41.0	42.0	44.0
14	47.0	49.0	50.0	49.0
15	59.0	56.0	159.0	61.0
16	181.0	181.0	181.0	181.0
17	207.0	10000.0	207.0	207.0
18	238.0	10000.0	238.0	238.0
19	274.0	10000.0	274.0	274.0
20	318.0	10000.0	318.0	10000.0
21	10000.0	10000.0	10000.0	10000.0
22	10000.0	10000.0	10000.0	10000.0
23	10000.0	10000.0	10000.0	10000.0
24	10000.0	10000.0	10000.0	10000.0
25	10000.0	10000.0	10000.0	10000.0
26	10000.0	10000.0	10000.0	10000.0
27	10000.0	10000.0	10000.0	10000.0
28	10000.0	10000.0	10000.0	10000.0
29	10000.0	10000.0	10000.0	10000.0
30	10000.0	10000.0	10000.0	10000.0
31	10000.0	10000.0	10000.0	10000.0
32	10000.0	10000.0	10000.0	10000.0
33	10000.0	10000.0	10000.0	10000.0
34	10000.0	10000.0	10000.0	10000.0
35	10000.0	10000.0	10000.0	10000.0
36	10000.0	10000.0	10000.0	10000.0
37	10000.0	10000.0	10000.0	10000.0
38	10000.0	10000.0	10000.0	10000.0
39	10000.0	10000.0	10000.0	10000.0
